19459f86ad5c5afba2fab64a2ecb5961542c7b843003534198579076f02d8b1a

a ['19', '45', '9f', '86', 'ad', '5c', '5a', 'fb', 'a2', 'fa', 'b6', '4a', '2e', 'cb', '59', '61', '54', '2c', '7b', '84', '30', '03', '53', '41', '98', '57', '90', '76', 'f0', '2d', '8b', '1a']
b [0 0 0 1 1 0 0 1 0 1 0 0 0 1 0 1 1 0 0 1 1 1 1 1 1 0 0 0 0 1 1 0 1 0 1 0 1
 1 0 1 0 1 0 1 1 1 0 0 0 1 0 1 1 0 1 0 1 1 1 1 1 0 1 1 1 0 1 0 0 0 1 0 1 1
 1 1 1 0 1 0 1 0 1 1 0 1 1 0 0 1 0 0 1 0 1 0 0 0 1 0 1 1 1 0 1 1 0 0 1 0 1
 1 0 1 0 1 1 0 0 1 0 1 1 0 0 0 0 1 0 1 0 1 0 1 0 0 0 0 1 0 1 1 0 0 0 1 1 1
 1 0 1 1 1 0 0 0 0 1 0 0 0 0 1 1 0 0 0 0 0 0 0 0 0 0 1 1 0 1 0 1 0 0 1 1 0
 1 0 0 0 0 0 1 1 0 0 1 1 0 0 0 0 1 0 1 0 1 1 1 1 0 0 1 0 0 0 0 0 1 1 1 0 1
 1 0 1 1 1 1 0 0 0 0 0 0 1 0 1 1 0 1 1 0 0 0 1 0 1 1 0 0 0 1 1 0 1 0

0001100101000101100111111000011010101101010111000101101011111011101000101111101010110110010010100010111011001011010110010110000